# Created by Octave 3.2.4, Tue May 14 16:22:02 2013 CEST <sbk@sbk>
# name: out1a
# type: matrix
# rows: 5
# columns: 1
 0.2837714810963793
 0.1020012681200266
 -0.4171164375496879
 0.4432897290033907
 -0.1623905695651632
# name: out1b
# type: matrix
# rows: 5
# columns: 1
 0.4513637720874924
 0.5916132203593454
 0.2644367586508783
 0.2193956828589544
 0.5596791006684241
# name: out2a
# type: scalar
0.8421580000000001
# name: out2b
# type: scalar
0.7142857142857143
# name: out3
# type: scalar
1.286785185478466
# name: out4
# type: matrix
# rows: 35
# columns: 1
 -0.36432462324929
 0
 -0.9904528684518432
 -0.6268827331391373
 0.4407504156914605
 0
 0.9606167904107886
 0.7260944427050494
 -0.5083545855668561
 0
 -0.9115539607783238
 -0.8107733670634246
 0.5657840349557728
 0
 0.8442463724231262
 0.8792246569674887
 -0.6118893130382224
 0
 -0.7600411871837564
 -0.9300782593844044
 0.2250302184769864
 -0.1111950571116218
 0.1411856324758127
 -0.3893360359872536
 0.1453638795051533
 0.6572921143038407
 0.2839438141138014
 -0.07883728797343846
 -1.000455227593136
 0.01813991042891452
 -0.04230089876510204
 0.6505902406479717
 -0.307657887583596
 0.1341367132426513
 0.1499469064017981
# name: out5
# type: scalar
14.35710081854489
# name: out6
# type: matrix
# rows: 35
# columns: 1
 0.8978818539625546
 1.363946140238522
 -0.7787728563620424
 -1.76208647610103
 -0.9976359963032472
 -0.4191232472983888
 1.946096688488972
 2.210131812640122
 0.1098231422957788
 -0.8160316663340547
 -2.411539270604379
 -1.615632744064077
 1.196034590195734
 1.485911033542306
 1.819678132658801
 0.4473696819698908
 -2.053985550857558
 -1.126480870157514
 -0.5352253726893279
 0.4393396167070371
 1.035483677279196
 -0.7354153119323354
 -1.343803112424856
 -1.369801467282671
 0.5708571576999927
 2.09754754427939
 1.414797195628758
 -0.2970873386863588
 -2.367150620420151
 -1.240467383185764
 -0.03566235178302586
 1.91637117874671
 1.053512284591698
 0.3392425405544017
 -0.9895849628864337
