# Created by Octave 3.2.4, Mon Apr 15 09:57:38 2013 CEST <sbk@sbk>
# name: out1
# type: scalar
0.1385625105350489
# name: out2
# type: matrix
# rows: 3
# columns: 1
 0.07071042110798739
 0.1009047643971223
 0.1192274903914708
# name: out3a
# type: matrix
# rows: 10
# columns: 1
 0
 0.08578856819027694
 0.1018219112844849
 0.2448208152466509
 0.198742223568942
 0.1719873576878856
 0.1521645140968793
 0.134857279060317
 0.1249181727021352
 0.1152246308877651
# name: out3b
# type: matrix
# rows: 10
# columns: 1
 0.4853608339632345
 0.3912295235701506
 0.4726962494819937
 0.255728440997879
 0.2621942204445363
 0.2767251908546479
 0.267189847763352
 0.2632734861341652
 0.2576881161416499
 0.2520199932466484
# name: out4
# type: matrix
# rows: 3
# columns: 8
 1 1 1 1 1 1 1 1
 0.5984721441039565 0.358168907268387 0.2143541138842827 0.1282849661338304 0.0767749787384169 0.04594768613911605 0.02749841024029242 0.016457032535958
 -0.8011436155469337 0.6418310927316131 -0.5141988822014438 0.4119471515970565 -0.3300288304447267 0.2644004904572143 -0.2118227648772752 0.1697004557089283
# name: out5a
# type: matrix
# rows: 10
# columns: 1
 0
 0.001
 0.003
 0.01
 0.03
 0.1
 0.3
 1
 3
 10
# name: out5b
# type: matrix
# rows: 10
# columns: 1
 0.1151642951817538
 0.1151642952697788
 0.1151642959733195
 0.115164303951364
 0.1151643734563718
 0.11516514024446
 0.1151713163710127
 0.1152246308877651
 0.1154648181756979
 0.1160937009730297
# name: out5c
# type: matrix
# rows: 10
# columns: 1
 0.2542592820964257
 0.2542564875097552
 0.254250902475955
 0.2542313982182531
 0.2541760408479431
 0.2539864975449653
 0.2534786528260848
 0.2520199932466484
 0.2494668244212586
 0.2463284386501122
