# Created by Octave 3.2.4, Thu Mar 28 12:37:01 2013 CET <sbk@sbk>
# name: out1
# type: scalar
3.087449158158644
# name: out2
# type: scalar
3.647041255559592
# name: out3
# type: matrix
# rows: 3
# columns: 10
 0.06866401112899033 0.0848419941845919 0.1073320077622153 0.1367999853191679 0.172096290999519 0.2086141250994132 0.2377783333738847 0.2499559357356213 0.2403999299477549 0.2128712360719018
 0.0575839152937668 0.05047142261482578 0.04649901724474724 0.04517786115381464 0.04634204302844976 0.05013783950933186 0.05703331906000969 0.06783487823806374 0.08365743109258322 0.1057227174492286
 0.2391242228997925 0.2107580623326757 0.1744140496146418 0.1388628859531717 0.1089691305139143 0.08605137189250781 0.0695130214822027 0.05814991126027713 0.0508171653244094 0.04666624803456973
# name: out4a
# type: scalar
3.087449158158644
# name: out4b
# type: matrix
# rows: 32
# columns: 1
 -0.01210486011059365
 -0.127759694646817
 0.04255296075180307
 0.09973866474362292
 -0.003133607866579818
 -0.004194456064570618
 0.00399335477724188
 0.00134890792566905
 0.003774154683786478
 0.00485750466074297
 -0.004733175319752317
 -0.001665967007570534
 0.2550422894876031
 -0.008016161701584305
 0.4669105400260677
 0.3410066997130375
 0.182633786195793
 -0.008071240355298232
 0.3262428509545748
 0.2396644184254318
 0.1317120213371747
 -0.002443767118211673
 0.2487004493040885
 0.1806137195518438
 0.06930685066765856
 -0.001085762182037061
 0.1295570170921549
 0.09393462461116113
 0.1731571435500348
 -0.007986293438508561
 0.3077076483788684
 0.2262412967420062
# name: out5a
# type: scalar
3.647041255559592
# name: out5b
# type: matrix
# rows: 32
# columns: 1
 -0.01210486011059365
 -0.127759694646817
 0.04255296075180307
 0.09973866474362292
 0.03550250012483486
 -0.09794353792869906
 0.04338401447973946
 0.06231339294039875
 -0.08635686017992197
 0.01890849306664475
 0.07370329079300295
 -0.08099912989899279
 0.2550422894876031
 -0.008016161701584305
 0.4669105400260677
 0.3410066997130375
 0.09721532414410455
 -0.007656331168918471
 0.4113159867155307
 0.1684436765949173
 0.1059154583948375
 0.09024729083678856
 0.1973508311580633
 0.1306606238955878
 0.1622321142798592
 -0.02847377550083421
 0.05942662368381117
 0.179691720655336
 0.1719124484978729
 -0.09270743766583731
 0.3794652157487444
 0.2512390716507504
