# Created by Octave 3.2.4, Mon Mar 18 10:46:59 2013 CET <sbk@sbk>
# name: out1
# type: matrix
# rows: 20
# columns: 3
 0.7310585786300049 0.9078243809886493 0.7090568675103417
 0.7310585786300049 0.9221358326332025 0.3348989496254084
 0.7310585786300049 0.5947420377925529 0.1635262396444549
 0.7310585786300049 0.1133266322475605 0.253946037223957
 0.7310585786300049 0.06871317021165553 0.6148344680341322
 0.7310585786300049 0.3187483015022575 0.829636487507396
 0.7310585786300049 0.8564207616385978 0.7760813763886655
 0.7310585786300049 0.9363955498047337 0.4403137049644544
 0.7310585786300049 0.7540358629664923 0.1820976541922801
 0.7310585786300049 0.185608332496493 0.2004642888651104
 0.7310585786300049 0.06190471336614479 0.5018241775090158
 0.7310585786300049 0.1886882174381639 0.8007965046328137
 0.7310585786300049 0.7580709389282749 0.8169960930339064
 0.7310585786300049 0.9365974785895259 0.5561228924660682
 0.7310585786300049 0.8541671277492476 0.2222653223010429
 0.7310585786300049 0.3137592903829067 0.1709494041226988
 0.7310585786300049 0.06828420591683568 0.3884891044757867
 0.7310585786300049 0.1149247618988305 0.7481327367698503
 0.7310585786300049 0.6004663222092717 0.8361831091642363
 0.7310585786300049 0.9228448277771693 0.6621328792669016
# name: out2
# type: scalar
0.7658370967747266
# name: out3
# type: matrix
# rows: 3
# columns: 1
 0.1583536172450568
 0.221550027431177
 -0.1049059876637406
# name: out4
# type: matrix
# rows: 20
# columns: 1
 1
 1
 1
 0
 0
 0
 1
 1
 1
 1
 0
 0
 1
 1
 1
 1
 0
 0
 0
 1
# name: out5
# type: scalar
0.7670870967747265
# name: out6
# type: matrix
# rows: 3
# columns: 1
 0.1583536172450568
 0.224050027431177
 -0.1074059876637406
