# Created by Octave 3.2.4, Mon May 06 11:15:53 2013 CEST <sbk@sbk>
# name: out1
# type: matrix
# rows: 15
# columns: 1
 5
 5
 4
 2
 2
 1
 5
 5
 4
 3
 2
 1
 1
 5
 4
# name: out2
# type: matrix
# rows: 3
# columns: 11
 0.07750758345187597 -0.1703131331861205 0.1812620739133448 -0.10509208003726 -0.02158770803034826 0.1378919217512218 -0.1879219444402069 0.1476321377530825 -0.0363867567608436 -0.09234697915438875 0.1766965244660729
 0.1235602028312057 -0.001664675616484164 -0.121030934941858 0.185556152331148 -0.1608985972232686 0.05890928668176614 0.07139325112872286 -0.1673824665661365 0.1829236222208564 -0.1105472629889394 -0.01496078323621128
 0.1860697095860184 -0.1591496158120929 0.0557383693511259 0.0744620848550711 -0.1688742610124567 0.182121384913187 -0.1078365685708574 -0.01827710949828334 0.1356063669065435 -0.1877599261929156 0.1496715259895014
# name: out3a
# type: matrix
# rows: 11
# columns: 11
 -0.379208580711766 -0.1534299442967454 -0.8927978473448589 0.06473764825154617 0.03760182187232958 0.1086719164282425 0.07811619235313431 0.004830553432099069 -0.08608479176159149 0.02393480984784695 0.0636295725689254
 0.3703088213547407 -0.1650411677427663 -0.09491473414543133 0.8837847434722257 -0.1143383852550194 -0.1552564152798138 -0.06137399175016248 0.02341269128869186 0.005529758863124654 0.05623397178868714 -0.02937568047882408
 -0.1834296905046204 0.404189504813315 -0.02459677904075512 0.0387300651019214 -0.5815131437370187 -0.4040906513589091 0.1267970663241522 -0.2423613923933479 -0.3791435089344187 -0.2840887818994814 -0.01264142334158549
 -0.09161018388315151 -0.4490745948793692 0.1396727810407933 -0.02296465310402991 -0.2002020415650076 0.2691130506308804 -0.143586826011432 -0.6874851491207108 -0.2350988195975287 0.2762276156352946 -0.1804851030945142
 0.3226199892862288 0.2781235785903424 -0.1618039538277354 -0.07398097633660784 -0.4356564917759507 0.5883636940716261 -0.4285484492323632 0.09475174767445053 0.02504407353644774 -0.06957424111334393 0.2298739876764833
 -0.3985708287316294 0.02650035300712212 0.263810157107592 0.2695332323884885 -0.2558956697149128 0.5036654755384092 0.4734467576589326 0.3276718519077287 0.004841237871258796 0.05107717601721938 -0.2118503434671948
 0.2829588927248557 -0.3183875743223475 0.002538034393541063 -0.1701877475894055 0.03735449925338516 0.01946556479794226 0.05182822475083642 0.4186533397900738 -0.7769931530076779 -0.05797015956447955 -0.05275752695675495
 -0.03135007254634801 0.457250030627132 -0.09183168126213022 0.006469315057932543 0.0790463354891176 -0.08804731737385728 -0.2364717216915429 0.1269287293568304 -0.1643773621110535 0.6694953406202173 -0.4692444071999316
 -0.2353263503634402 -0.3763470685211684 0.08774998698372299 -0.1240561004205775 -0.4807678077118045 -0.3362403080419554 -0.223716636690995 0.3614845389632276 0.1975924103891863 0.3698969211017906 0.281269423441294
 0.3888992404429191 0.1145626073636325 -0.1037200813808183 -0.1320752907350491 -0.09277471263329909 0.007941295366565279 0.6319958751952137 -0.1630126456722466 0.01181584816002288 0.4694917886181512 0.3901368706439372
 -0.3555577542054841 0.2022834123616832 0.2260884261719719 0.2697133713906616 0.3234296774464903 0.08527705772318379 -0.1937984919511783 -0.05550842119663965 -0.3506654815362469 0.1515798746033466 0.6405763919257852
# name: out3b
# type: diagonal matrix
# rows: 11
# columns: 11
3.279443030618376
2.255160304187513
3.055549253506832e-16
1.660803417658318e-16
1.19406105308223e-16
8.41898236728798e-17
6.665676928278007e-17
5.740535134989123e-17
3.532619164302082e-17
2.220370664191014e-17
1.280086989690937e-17
# name: out4
# type: matrix
# rows: 15
# columns: 5
 0.5942908170499757 0.4673929531053131 -0.590153736945601 -0.4726166375177948 0.5859704199420376
 0.7407769220740721 -0.2362524153907927 -0.7428680857530063 0.2296769958057842 0.7449010477894847
 0.206196141211073 -0.7226884027104388 -0.2125929424307995 0.7208066583952591 0.2189730875864664
 -0.5179604209591614 -0.5446880054264329 0.5131391717396989 0.5492300034263499 -0.508277719497417
 -0.7659065607964076 0.1340960320891997 0.767093497875253 -0.1273061837888129 -0.7682203353181742
 -0.3096817407965095 0.6895927961175584 0.3157855996972131 -0.6867976527310876 -0.3218647176769929
 0.4312630435211801 0.6110811236155498 -0.4258541225225377 -0.614850527082052 0.4204118370412199
 0.7757065744969206 -0.02925571579360771 -0.775965528421974 0.02238733763773985 0.7761636876122564
 0.4069690582343443 -0.6426949850217684 -0.4126578060386266 0.6390423873778911 0.4183142232548215
 -0.3359339333349179 -0.665243448960694 0.3300456001476592 0.668164813257771 -0.3241314088082169
 -0.7699808158347643 -0.076170153852506 0.7693066036414551 0.0829795912283664 -0.7685721184215579
 -0.4961108872045913 0.5829336294310142 0.5012706635864712 -0.5784966842964072 -0.5063911668100405
 0.2338811031889058 0.7060909221518272 -0.2276312128418093 -0.7081057761532104 0.2213634882241126
 0.7488438859084916 0.1800714773513726 -0.7472500019584529 -0.1866856830118496 0.7455975730550463
 0.5753230533943263 -0.511504853283769 -0.5798505853944387 0.5063723661454685 0.5843326877185476
