# Created by Octave 3.2.4, Mon May 06 11:15:53 2013 CEST <sbk@sbk>
# name: out1
# type: matrix
# rows: 15
# columns: 1
 5
 5
 4
 2
 2
 1
 5
 5
 4
 3
 2
 1
 1
 5
 4
# name: out2
# type: matrix
# rows: 3
# columns: 11
 0.07750758345187597 -0.1703131331861205 0.1812620739133448 -0.10509208003726 -0.02158770803034826 0.1378919217512218 -0.1879219444402069 0.1476321377530825 -0.0363867567608436 -0.09234697915438875 0.1766965244660729
 0.1235602028312057 -0.001664675616484164 -0.121030934941858 0.185556152331148 -0.1608985972232686 0.05890928668176614 0.07139325112872286 -0.1673824665661365 0.1829236222208564 -0.1105472629889394 -0.01496078323621128
 0.1860697095860184 -0.1591496158120929 0.0557383693511259 0.0744620848550711 -0.1688742610124567 0.182121384913187 -0.1078365685708574 -0.01827710949828334 0.1356063669065435 -0.1877599261929156 0.1496715259895014
# name: out3a
# type: matrix
# rows: 11
# columns: 11
 -0.379208580711766 -0.1534299442967454 -0.8927978473448589 0.06473764825154617 0.03760182187232958 0.1086719164282425 0.07811619235313431 0.004830553432099069 -0.08608479176159149 0.02393480984784695 0.0636295725689254
 0.3703088213547407 -0.1650411677427663 -0.09491473414543133 0.8837847434722257 -0.1143383852550194 -0.1552564152798138 -0.06137399175016248 0.02341269128869186 0.005529758863124654 0.05623397178868714 -0.02937568047882408
 -0.1834296905046204 0.404189504813315 -0.02459677904075512 0.0387300651019214 -0.5815131437370187 -0.4040906513589091 0.1267970663241522 -0.2423613923933479 -0.3791435089344187 -0.2840887818994814 -0.01264142334158549
 -0.09161018388315151 -0.4490745948793692 0.1396727810407933 -0.02296465310402991 -0.2002020415650076 0.2691130506308804 -0.143586826011432 -0.6874851491207108 -0.2350988195975287 0.2762276156352946 -0.1804851030945142
 0.3226199892862288 0.2781235785903424 -0.1618039538277354 -0.07398097633660784 -0.4356564917759507 0.5883636940716261 -0.4285484492323632 0.09475174767445053 0.02504407353644774 -0.06957424111334393 0.2298739876764833
 -0.3985708287316294 0.02650035300712212 0.263810157107592 0.2695332323884885 -0.2558956697149128 0.5036654755384092 0.4734467576589326 0.3276718519077287 0.004841237871258796 0.05107717601721938 -0.2118503434671948
 0.2829588927248557 -0.3183875743223475 0.002538034393541063 -0.1701877475894055 0.03735449925338516 0.01946556479794226 0.05182822475083642 0.4186533397900738 -0.7769931530076779 -0.05797015956447955 -0.05275752695675495
 -0.03135007254634801 0.457250030627132 -0.09183168126213022 0.006469315057932543 0.0790463354891176 -0.08804731737385728 -0.2364717216915429 0.1269287293568304 -0.1643773621110535 0.6694953406202173 -0.4692444071999316
 -0.2353263503634402 -0.3763470685211684 0.08774998698372299 -0.1240561004205775 -0.4807678077118045 -0.3362403080419554 -0.223716636690995 0.3614845389632276 0.1975924103891863 0.3698969211017906 0.281269423441294
 0.3888992404429191 0.1145626073636325 -0.1037200813808183 -0.1320752907350491 -0.09277471263329909 0.007941295366565279 0.6319958751952137 -0.1630126456722466 0.01181584816002288 0.4694917886181512 0.3901368706439372
 -0.3555577542054841 0.2022834123616832 0.2260884261719719 0.2697133713906616 0.3234296774464903 0.08527705772318379 -0.1937984919511783 -0.05550842119663965 -0.3506654815362469 0.1515798746033466 0.6405763919257852
# name: out3b
# type: diagonal matrix
# rows: 11
# columns: 11
3.279443030618376
2.255160304187513
3.055549253506832e-16
1.660803417658318e-16
1.19406105308223e-16
8.41898236728798e-17
6.665676928278007e-17
5.740535134989123e-17
3.532619164302082e-17
2.220370664191014e-17
1.280086989690937e-17
# name: out4
# type: matrix
# rows: 15
# columns: 5
 0.5942908170499757 0.4673929531053131 -0.590153736945601 -0.4726166375177948 0.5859704199420376
 0.7407769220740721 -0.2362524153907927 -0.7428680857530063 0.2296769958057842 0.7449010477894847
 0.206196141211073 -0.7226884027104388 -0.2125929424307995 0.7208066583952591 0.2189730875864664
 -0.5179604209591614 -0.5446880054264329 0.5131391717396989 0.5492300034263499 -0.508277719497417
 -0.7659065607964076 0.1340960320891997 0.767093497875253 -0.1273061837888129 -0.7682203353181742
 -0.3096817407965095 0.6895927961175584 0.3157855996972131 -0.6867976527310876 -0.3218647176769929
 0.4312630435211801 0.6110811236155498 -0.4258541225225377 -0.614850527082052 0.4204118370412199
 0.7757065744969206 -0.02925571579360771 -0.775965528421974 0.02238733763773985 0.7761636876122564
 0.4069690582343443 -0.6426949850217684 -0.4126578060386266 0.6390423873778911 0.4183142232548215
 -0.3359339333349179 -0.665243448960694 0.3300456001476592 0.668164813257771 -0.3241314088082169
 -0.7699808158347643 -0.076170153852506 0.7693066036414551 0.0829795912283664 -0.7685721184215579
 -0.4961108872045913 0.5829336294310142 0.5012706635864712 -0.5784966842964072 -0.5063911668100405
 0.2338811031889058 0.7060909221518272 -0.2276312128418093 -0.7081057761532104 0.2213634882241126
 0.7488438859084916 0.1800714773513726 -0.7472500019584529 -0.1866856830118496 0.7455975730550463
 0.5753230533943263 -0.511504853283769 -0.5798505853944387 0.5063723661454685 0.5843326877185476
# name: out5
# type: matrix
# rows: 15
# columns: 11
 -0.8457687355361702 -1.180221021824167 -0.4295835435151285 0.7160110635757061 1.203308400869235 0.5842895437445967 -0.5719224253095372 -1.20231155408948 -0.7273009847833686 0.4163867558122347 1.177250433379977
 -1.106970279445954 -0.8091291584934392 0.2326215792876485 1.060501109861049 0.9133608107796435 -0.07351920555337876 -0.9928060033518121 -0.9993115402280535 -0.08705465557990703 0.9052398779352924 1.065261042404371
 -0.3504284534881257 0.3058723216658613 0.6809554948827382 0.429971326491586 -0.2163264965615649 -0.6637347363167654 -0.5009083204718952 0.1224508951577613 0.6332293224906077 0.5618196310122291 -0.02612443825481803
 0.728295676523073 1.139656199888052 0.5032220688697987 -0.5958721115398755 -1.147124220604823 -0.6437156114800813 0.4515221621928081 1.131632542246766 0.7713251817498974 -0.2981349936995029 -1.093491230861547
 1.137428120246552 0.9256454237270104 -0.137171406534562 -1.07387347822661 -1.023261226458392 -0.03186732209524956 0.9888252512385799 1.100396448784944 0.2002682260566554 -0.8839856801238785 -1.15550722870735
 0.5008143957338785 -0.1393994861760616 -0.6514501233693984 -0.5645605214530786 0.04138342028296306 0.6092796362602692 0.6170069644968866 0.05746093504846938 -0.5549144130888318 -0.6571040089511918 -0.1551552093742236
 -0.5962457745926049 -1.07628115136253 -0.5667886010945781 0.4638067751401748 1.067980341265583 0.6902577068750992 -0.3220846799298415 -1.038303897376889 -0.7999112999593778 0.1739160576608233 0.9878457939226561
 -1.145120329486917 -1.023634889511121 0.03897574714704294 1.065752261624083 1.112681061732311 0.136616025075472 -0.9650531549986767 -1.179456914937689 -0.3094734266272342 0.84503850291447 1.222625929971332
 -0.641176534443926 -0.02986343097734415 0.6089059732075398 0.6878500337391791 0.1343879454339725 -0.5426298001414649 -0.7207562099323751 -0.2362226842490216 0.4654928879361594 0.7392364456832745 0.3333294244327227
 0.4522620094297257 0.9913643282747351 0.619010855614792 -0.3224583429825706 -0.9674608281345969 -0.7229842895738746 0.1862006706081902 0.9241935929414729 0.8124871880614872 -0.04621619054558801 -0.8624286167019323
 1.129892947546804 1.101136296021862 0.06000001208462463 -1.036300006258984 -1.179830577990418 -0.2386303573849417 0.9219655132999732 1.234910542918699 0.4124845144597254 -0.7891778743237194 -1.265273764934171
 0.7687055204576491 0.1985286313566937 -0.5541745658519142 -0.7973722229232225 -0.3074695355093289 0.4651192248834301 0.8100795149255671 0.4102564348182259 -0.3667545194665079 -0.8065730599288573 -0.5048320487948579
 -0.2992262170731317 -0.8866053414161268 -0.6588436036511535 0.1746559048977409 0.8475775799506254 0.74124033680118 -0.04658985359831739 -0.7915855474596397 -0.8088011395703569 -0.08240869393764612 0.7197499248541729
 -1.092050750579276 -1.156598452080979 -0.1577748706664718 0.9861061992226944 1.22336577720825 0.335868501468878 -0.8604247255840268 -1.2656474279869 -0.507239721930778 0.7175218452126733 1.282597136889118
 -0.8808488602528997 -0.3632202798296212 0.4883513507928691 0.8909350016440371 0.4743971207409471 -0.3782992851769571 -0.8831890729197048 -0.5760789000551652 0.2606755567961302 0.8577661088959858 0.6662304562679557
